142
149
146
142
152
165
178
188
171
169
179
155
129
117
125
155
204
251
270
265
268
273
267
255
211
273
276
283
295
296
290
284
282
266
256
252
233
217
212
221
227
232
219
208
205
201
201
206
208
207
211
219
229
231
228
214
203
190
176
165
156
157
149
130
124
141
165
182
194
201
207
212
221
229
235
240
245
249
253
257
260
259
259
262
261
263
265
267
266
260
260
273
283
280
268
260
255
258
263
268
270
271
269
267
260
248
246
246
247
244
240
244
249
252
257
265
274
275
275
272
265
258
251
243
238
237
238
240
240
239
239
239
239
240
240
241
242
239
236
233
231
228
230
237
245
253
260
267
273
279
280
282
282
283
285
289
295
306
317
324
328
329
324
309
294
282
273
270
274
275
277
275
276
277
274
269
264
260
256
254
258
266
273
278
279
254
252
249
246
243
239
234
230
225
220
214
206
197
189
183
180
177
172
168
166
164
161
159
155
152
149
148
147
144
140
135
131
126
122
119
117
115
114
112
112
113
116
117
119
120
122
125
126
126
121
116
120
124
126
126
127
128
127
128
132
137
141
143
144
148
151
155
158
160
161
163
163
163
161
160
160
161
162
164
166
167
172
178
182
184
185
183
179
171
165
162
158
151
146
143
144
144
143
141
137
131
127
125
121
116
115
115
113
111
111
110
112
115
114
115
116
116
118
122
125
127
128
128
129
129
129
130
132
138
145
154
163
171
180
187
193
197
196
193
189
187
187
106
100
94
89
84
80
79
81
84
88
91
94
97
99
102
104
105
104
102
99
97
95
92
88
85
87
93
100
105
107
108
109
110
111
110
108
107
107
109
111
111
111
111
111
113
116
120
124
131
137
141
145
147
149
150
143
146
150
153
153
153
151
150
148
145
140
133
127
122
117
113
110
108
106
104
103
102
102
103
104
104
104
104
102
101
100
99
98
98
97
97
98
98
99
100
100
100
100
99
99
99
98
98
98
99
99
97
93
90
87
86
86
88
90
92
93
93
93
93
93
94
94
94
95
95
97
98
99
101
103
105
108
110
112
112
110
108
107
106
104
102
101
99
101
104
105
105
104
103
102
104
107
110
111
111
110
109
109
109
109
111
114
117
117
114
113
117
122
128
137
144
149
152
155
157
158
157
157
161
165
169
172
222
225
229
232
236
242
245
245
253
265
282
301
301
252
261
308
352
382
395
400
400
398
396
389
380
383
380
373
368
361
352
344
336
330
324
322
315
299
286
283
280
279
284
284
282
278
274
268
263
261
260
258
255
250
245
240
238
237
235
230
227
225
223
221
214
208
203
200
198
194
192
191
188
187
187
189
190
190
191
190
189
190
191
192
191
185
179
176
178
181
186
191
193
191
188
186
185
186
187
190
190
188
190
192
194
194
194
193
191
189
187
186
186
188
189
189
187
185
183
179
175
171
168
167
165
164
163
163
164
163
158
150
139
126
116
108
102
100
99
98
98
99
123
128
130
129
126
122
118
113
109
105
101
97
94
91
88
86
84
82
81
80
80
80
80
80
81
81
82
82
82
83
84
86
86
85
83
80
79
82
85
87
85
83
83
82
84
87
90
92
94
97
100
102
103
104
105
105
106
105
104
106
107
106
106
106
107
108
110
111
110
109
108
107
105
103
103
93
95
97
99
101
102
103
104
106
109
110
112
114
116
119
123
126
129
131
131
131
131
131
131
132
132
132
132
132
134
135
137
140
141
143
146
146
145
142
141
145
150
152
152
153
155
157
159
163
193
198
203
206
207
210
213
222
235
250
269
274
262
284
304
321
331
337
340
342
345
345
344
342
338
333
326
312
297
285
275
266
257
251
244
236
230
226
224
219
213
209
203
195
188
183
178
173
169
163
160
159
160
161
161
161
161
161
162
163
164
316
318
320
320
321
324
325
326
329
333
337
339
340
333
326
321
318
315
311
305
301
296
288
281
274
268
262
256
250
246
243
241
237
227
207
185
166
152
140
128
116
109
107
108
112
115
118
121
125
128
130
132
132
130
129
129
128
129
131
134
139
144
149
154
159
164
169
175
182
238
243
245
248
255
262
268
273
277
281
285
290
296
303
309
313
316
320
326
332
335
336
338
342
345
348
356
366
375
381
384
390
398
400
400
400
400
392
393
392
387
380
372
365
357
349
342
333
324
317
312
305
300
296
292
287
280
274
267
261
255
249
244
240
237
233
230
229
228
228
228
230
233
237
241
244
247
247
247
247
249
251
253
255
255
255
254
252
244
234
233
243
253
262
270
278
284
281
278
282
272
277
306
328
300
275
293
328
353
366
369
354
365
365
361
361
362
354
351
359
362
357
348
338
330
323
316
308
300
293
289
286
286
290
296
299
299
297
294
292
291
281
280
277
265
256
247
231
211
191
170
151
137
125
113
104
98
97
99
102
106
109
112
116
123
131
139
147
155
165
176
186
196
203
209
217
225
233
241
251
259
262
263
265
269
273
273
268
261
259
260
259
262
263
258
250
242
244
252
261
261
263
264
264
264
267
269
269
267
264
260
257
252
247
238
226
212
197
173
154
143
134
127
122
121
123
123
122
120
123
129
135
143
150
156
161
166
171
175
179
181
184
187
189
194
197
198
196
192
187
183
179
177
176
174
173
172
172
172
173
174
175
176
178
180
181
182
183
184
185
186
187
189
191
194
197
200
202
205
208
210
212
214
215
216
219
221
223
225
227
227
227
227
228
230
233
236
239
245
252
256
244
243
252
260
265
269
269
261
253
248
245
244
244
244
248
258
269
277
283
288
292
295
329
327
325
324
322
323
322
315
310
310
310
301
293
290
287
283
283
282
281
279
276
274
271
268
268
263
256
249
249
257
263
267
273
279
283
287
291
293
295
297
298
302
305
301
301
325
330
326
301
289
279
268
265
266
264
263
265
271
264
259
251
252
253
261
276
289
303
314
322
328
336
339
331
314
313
338
353
360
358
350
333
348
365
365
270
253
287
304
305
319
332
327
301
291
304
306
307
305
305
304
308
320
346
361
364
358
361
364
356
346
331
329
325
275
279
269
248
242
246
247
245
243
241
237
233
228
225
221
219
216
212
207
204
201
198
196
194
190
182
176
175
175
173
168
159
158
156
153
148
141
134
127
122
118
114
109
103
101
101
101
101
100
96
89
88
89
92
94
95
95
94
94
95
98
102
109
117
123
127
130
132
134
134
133
133
136
143
149
160
183
196
206
217
323
328
330
328
320
309
296
299
297
296
304
296
284
271
269
275
279
283
286
287
288
290
290
288
278
272
273
302
305
298
292
286
279
275
271
266
261
256
252
248
244
239
234
230
226
221
215
210
205
199
193
188
183
179
176
174
171
169
167
165
164
162
160
158
156
153
149
145
141
137
133
130
126
123
120
118
115
112
109
106
103
100
94
92
90
88
86
83
82
80
79
228
233
240
242
240
232
230
229
237
255
266
257
276
267
259
253
236
206
187
183
185
185
184
181
180
179
179
191
206
218
225
226
220
217
213
204
196
191
185
183
179
174
164
154
147
144
140
138
143
152
151
150
159
168
174
184
188
190
187
187
181
186
190
189
192
199
201
205
210
214
212
239
237
237
243
252
260
264
253
195
158
134
135
134
133
111
130
145
151
150
150
143
139
139
145
153
157
157
154
149
144
141
142
145
146
147
144
139
135
131
129
130
132
132
131
129
129
127
126
126
127
131
137
140
143
143
139
134
130
127
122
118
116
115
115
113
111
110
108
104
101
96
90
90
97
100
106
113
117
116
114
119
127
135
142
149
157
165
172
179
185
189
193
196
200
205
210
216
222
228
233
237
240
242
240
234
229
227
226
226
225
220
181
154
137
128
125
123
124
138
163
184
196
201
205
208
209
209
209
207
207
212
260
266
248
231
192
164
144
140
134
148
160
163
158
152
148
145
142
137
134
139
150
159
162
161
159
155
149
143
137
126
116
118
125
131
135
137
137
136
135
134
134
128
124
124
128
136
144
148
144
140
137
132
128
125
122
120
122
127
130
132
135
140
142
144
148
147
147
139
127
120
126
112
146
174
190
202
210
149
107
85
77
76
76
76
73
78
88
92
96
146
198
223
231
231
219
201
193
181
187
84
85
83
83
86
91
95
97
98
98
97
96
95
96
97
104
109
112
119
125
127
130
132
134
142
163
170
175
178
180
182
183
184
185
186
186
187
186
184
183
184
187
191
195
198
199
199
197
195
193
190
187
182
178
177
178
179
179
179
180
183
187
188
190
192
193
195
199
202
204
205
206
206
205
211
223
234
245
254
258
254
241
230
225
225
227
227
225
231
234
233
227
225
222
223
220
220
217
214
212
211
208
202
196
190
183
176
166
157
150
147
147
150
150
148
145
146
146
141
134
126
125
129
133
140
143
144
143
139
133
129
130
130
133
139
142
145
149
153
153
151
151
151
151
151
151
149
146
143
139
133
125
117
107
98
92
88
84
82
82
83
85
88
92
96
98
99
195
196
198
197
192
183
170
156
144
133
127
121
115
110
108
112
117
128
130
129
119
118
119
120
121
120
119
117
114
112
111
109
109
112
118
122
122
120
116
114
116
120
126
167
167
165
164
165
164
164
164
166
168
171
212
205
197
187
177
168
159
152
147
143
139
134
128
123
118
115
115
116
120
126
131
135
139
143
145
151
151
149
143
132
117
101
87
76
68
63
61
62
66
70
73
76
77
76
75
74
75
77
80
83
85
87
90
92
94
94
96
98
98
98
99
101
104
108
112
116
119
120
117
114
111
110
111
113
114
116
117
117
117
115
114
113
112
111
110
110
110
109
108
105
101
97
93
91
90
89
88
86
84
82
79
78
79
85
87
90
92
92
90
86
82
77
72
67
64
62
63
65
68
72
72
71
70
69
69
72
77
82
81
76
72
67
63
59
55
52
51
50
50
51
52
52
53
55
58
61
63
65
67
71
76
80
84
88
93
99
104
108
112
116
121
126
131
135
140
144
147
152
157
163
171
181
192
204
216
219
265
281
297
311
322
330
335
340
343
344
347
350
352
353
354
355
355
355
356
358
360
360
360
360
359
357
356
353
351
349
347
342
339
337
334
334
335
335
333
330
327
324
322
321
320
320
321
322
325
329
328
326
326
325
324
323
322
320
317
318
318
317
316
314
310
306
298
287
281
284
283
281
279
287
281
296
310
318
317
306
289
277
273
276
277
277
270
261
259
255
254
262
273
280
284
290
295
298
299
300
303
305
308
308
305
303
299
295
291
288
284
284
236
234
231
230
233
236
240
244
245
245
248
253
258
263
267
272
277
283
289
294
297
297
301
303
303
281
275
266
252
230
205
176
148
119
94
75
64
57
55
57
61
66
70
74
78
82
86
88
89
88
87
87
88
93
100
106
113
119
123
127
130
136
142
146
148
148
148
147
148
148
149
151
152
152
152
153
154
158
165
171
175
176
176
174
172
170
168
166
166
167
168
170
172
173
171
167
162
157
153
149
146
143
141
140
140
140
141
142
144
147
150
151
214
213
212
209
205
200
193
185
176
167
160
155
152
151
154
158
165
173
180
187
193
197
197
197
199
203
202
150
111
115
146
171
185
189
189
188
186
183
180
178
175
172
170
168
166
164
163
163
163
163
163
161
159
155
152
149
146
142
138
134
130
128
125
122
119
116
111
108
104
101
69
71
73
74
76
80
88
99
110
124
137
150
163
176
187
196
202
206
208
206
203
200
198
196
195
196
205
213
219
213
196
177
184
191
199
203
192
171
172
183
190
187
202
202
202
191
162
144
144
149
142
127
114
107
115
119
118
122
126
131
140
153
165
167
157
154
157
154
149
151
150
141
141
144
145
141
134
127
120
112
104
95
88
82
78
77
78
83
92
110
133
159
181
192
195
195
194
194
196
201
193
186
184
180
175
169
166
164
161
158
155
153
150
145
140
136
131
125
120
116
112
112
119
128
139
152
164
168
167
165
165
168
173
178
180
180
179
178
178
174
172
173
173
174
175
175
164
158
157
158
97
97
101
107
108
105
100
99
100
102
106
113
123
131
133
129
121
110
100
92
85
80
81
87
92
93
90
87
88
87
83
82
80
76
70
66
67
73
72
79
88
95
101
104
106
99
84
71
62
58
57
58
59
60
62
73
89
105
119
131
143
154
165
176
187
197
208
220
220
222
237
263
289
269
189
145
133
140
158
180
230
280
307
317
326
310
306
309
315
320
326
329
328
327
301
290
307
321
330
333
333
331
328
322
309
288
282
288
280
281
271
248
227
225
225
225
224
221
218
214
210
205
199
196
195
196
195
192
188
176
164
159
154
152
155
159
162
161
159
156
153
150
139
131
125
130
136
139
140
133
121
114
115
122
124
122
121
123
123
122
121
124
128
125
123
126
128
119
111
107
105
105
105
105
106
106
102
101
106
112
99
96
91
85
81
79
80
82
81
78
74
72
69
66
63
63
64
63
62
61
59
58
59
59
59
64
68
68
70
72
71
71
71
72
70
69
69
69
73
76
81
87
91
91
90
87
81
76
73
70
65
64
66
64
66
66
63
66
73
79
83
86
85
86
85
80
77
77
84
87
86
80
69
60
51
49
50
55
64
81
101
119
132
140
145
144
130
131
133
125
129
137
138
137
134
131
127
124
122
121
121
119
113
109
109
99
92
94
98
101
102
99
89
87
91
96
101
106
113
120
128
139
152
161
167
172
180
192
203
214
224
231
236
240
245
250
256
259
258
262
264
278
278
256
233
228
243
256
266
274
282
274
261
261
262
264
271
273
260
249
322
335
298
247
229
239
235
226
221
212
212
216
222
248
257
253
261
265
254
253
253
257
261
264
263
265
266
267
265
261
242
238
224
208
205
194
196
203
206
221
245
244
222
208
199
198
210
219
223
224
220
189
177
176
176
174
178
181
176
181
194
197
196
206
211
228
225
216
217
213
217
246
224
180
162
162
171
179
183
184
183
184
183
180
166
148
142
137
137
142
147
155
151
122
103
96
89
93
107
113
109
100
97
102
97
87
212
224
231
233
235
226
215
201
172
166
171
172
172
176
192
206
228
230
230
237
236
212
214
213
209
199
196
192
188
185
195
204
201
205
193
198
188
181
281
320
340
345
279
195
143
117
107
105
105
103
103
106
179
238
273
302
296
284
272
261
253
248
243
237
226
223
218
198
181
169
157
152
148
141
134
127
123
120
119
115
111
111
108
111
121
127
125
112
104
99
95
93
92
92
91
90
86
84
83
83
83
86
90
90
90
90
89
255
249
243
238
233
228
224
220
216
212
207
204
200
197
194
190
186
182
177
171
166
162
158
154
151
147
143
139
136
138
140
140
138
134
130
125
121
116
111
107
103
98
96
96
95
93
92
91
89
87
85
84
81
78
76
75
73
71
70
69
69
70
72
72
71
69
65
62
59
61
65
68
71
75
81
88
92
94
97
100
103
107
110
111
112
112
111
110
108
109
113
114
118
121
122
122
124
126
131
139
148
154
160
162
160
156
153
151
150
149
148
146
141
136
131
127
126
126
128
133
137
140
140
138
139
139
131
136
155
187
225
254
273
288
299
305
304
294
282
242
237
231
229
228
225
220
212
201
196
191
186
189
198
200
204
206
199
189
191
204
221
232
232
227
217
206
201
205
208
209
208
203
201
236
235
235
233
225
220
219
218
216
210
203
193
183
172
159
146
136
122
113
107
106
104
97
89
81
79
93
119
146
168
180
188
195
194
189
181
173
166
160
152
146
141
137
134
131
127
124
121
121
126
131
134
135
135
135
137
139
143
145
146
150
152
151
148
145
140
136
132
125
121
117
114
115
118
118
117
114
110
106
105
105
107
110
111
111
112
116
120
124
128
129
128
128
129
130
131
133
136
139
142
145
149
152
155
158
162
165
169
173
177
182
186
191
196
202
207
211
216
221
227
232
238
245
251
256
261
266
271
277
282
287
292
296
300
303
306
309
311
312
313
316
321
325
327
328
330
332
332
331
329
326
326
327
331
335
333
334
339
345
347
346
346
347
348
347
347
346
347
347
347
347
347
346
344
343
340
339
339
341
341
342
343
343
342
341
339
338
335
332
327
324
323
322
317
312
306
302
298
294
291
288
285
282
279
275
269
267
264
262
262
265
268
270
273
275
280
285
288
289
285
281
277
280
294
308
319
327
333
338
341
345
347
354
355
354
353
348
338
333
334
332
328
321
307
298
294
291
290
290
288
287
286
285
288
291
290
286
285
283
282
280
275
271
266
263
261
259
258
254
251
253
246
243
241
239
240
240
236
230
224
220
218
217
221
225
228
228
227
229
232
235
239
244
248
252
258
264
267
267
265
261
257
255
252
249
247
247
248
250
251
252
256
260
266
271
273
273
270
266
263
262
263
269
271
271
267
261
254
246
238
230
223
216
208
199
190
181
171
162
153
144
136
129
123
119
113
105
97
88
81
76
72
66
60
57
56
57
57
57
56
56
55
55
55
56
56
56
56
55
56
58
63
69
75
80
82
83
84
84
85
86
84
86
87
91
95
100
105
111
117
119
113
105
101
97
93
90
88
86
85
85
86
87
89
92
97
101
106
112
113
113
115
130
147
159
166
170
172
172
168
168
171
175
179
184
193
205
205
195
184
178
174
176
194
214
228
236
240
243
245
238
228
227
221
228
235
235
229
222
218
214
210
206
204
203
230
262
283
293
302
300
302
304
302
294
283
275
271
266
264
268
275
280
265
248
246
249
249
241
230
224
218
219
219
217
217
219
221
206
192
199
204
217
226
230
236
239
210
190
204
215
318
354
361
375
390
377
377
360
348
336
306
285
271
265
265
265
266
263
258
249
230
213
200
191
192
189
206
207
208
191
183
193
238
255
246
234
265
292
308
310
305
303
321
327
328
325
325
328
329
314
304
260
245
280
288
296
298
305
311
322
327
250
258
283
300
305
289
286
281
270
260
247
235
224
211
197
186
174
160
146
136
129
119
110
104
101
100
100
102
117
140
165
194
215
224
223
220
211
198
187
179
173
165
157
149
140
134
131
122
114
112
112
113
115
114
111
107
104
102
101
102
104
106
105
109
109
109
117
73
80
91
101
108
110
115
125
133
140
148
154
160
166
172
177
181
186
191
194
196
199
202
205
207
209
211
212
214
217
218
220
222
225
225
226
228
230
232
233
233
232
222
219
228
244
249
246
242
244
245
244
242
241
240
239
238
236
235
234
233
234
234
233
232
230
226
223
222
222
222
221
221
220
220
219
219
218
218
217
216
217
209
197
186
179
179
188
204
220
229
235
233
241
243
206
161
167
201
229
252
255
240
251
229
234
218
161
157
189
227
251
276
294
312
324
332
343
355
367
374
377
380
381
373
358
352
359
375
393
400
400
400
394
373
342
353
356
364
387
392
384
335
274
280
296
310
286
289
298
303
303
300
298
291
280
266
256
258
251
253
242
227
211
208
198
178
149
135
133
124
113
103
97
96
99
103
107
109
110
111
115
117
117
113
112
115
119
121
122
126
134
145
154
159
163
174
186
189
170
165
168
185
209
227
242
254
260
265
267
254
249
239
248
253
249
247
253
258
261
260
256
252
250
245
238
233
226
228
227
231
237
240
242
241
238
235
231
229
226
222
219
216
213
207
198
193
188
185
181
178
155
133
129
128
124
115
103
96
96
105
116
128
137
140
149
163
174
190
204
215
224
233
242
249
256
261
266
270
271
270
266
261
256
252
249
247
247
247
247
248
248
247
244
241
239
238
238
240
221
220
219
217
213
210
206
202
200
198
196
193
190
187
183
180
175
170
164
159
153
148
143
139
135
131
128
124
120
116
112
111
107
103
100
97
94
91
87
84
81
79
76
75
72
70
69
69
69
69
68
68
67
69
71
71
71
72
73
78
85
92
99
102
107
110
113
114
114
113
113
112
112
112
113
113
110
111
111
114
121
129
131
133
136
137
136
133
131
130
128
126
125
124
125
126
127
130
136
140
139
133
131
137
149
155
153
153
152
156
162
158
169
183
194
206
207
207
214
234
254
251
250
254
259
256
260
262
243
228
220
213
209
198
184
168
219
205
194
195
190
180
177
184
191
196
198
205
214
222
224
209
214
222
230
231
219
206
173
143
135
143
150
151
150
147
138
140
143
146
149
155
160
161
156
141
132
123
115
110
103
100
108
123
134
141
132
121
110
102
97
88
76
75
88
97
103
114
110
112
116
124
139
147
149
155
143
131
133
142
150
153
153
153
150
152
154
152
151
150
145
140
135
130
124
118
114
113
114
114
102
96
102
112
95
89
77
79
93
99
84
85
88
89
86
80
76
69
74
89
110
127
138
143
144
142
140
136
132
127
122
121
125
130
128
125
123
123
125
130
135
142
148
153
158
164
172
179
187
194
202
210
216
223
232
243
253
260
265
266
269
274
276
275
275
275
276
278
280
281
281
284
288
293
298
302
305
310
314
317
318
319
320
322
324
324
326
327
328
329
261
261
260
257
254
251
248
244
235
226
218
211
205
200
195
191
189
187
186
183
180
177
175
176
176
175
176
177
178
179
178
178
177
176
174
174
174
175
174
173
172
173
176
180
182
185
190
195
198
201
204
207
209
203
195
194
193
189
197
196
196
199
198
190
180
175
165
155
150
152
164
174
193
210
221
225
222
215
206
193
180
168
156
147
144
143
144
145
145
147
151
154
159
152
148
145
141
134
129
124
120
112
106
103
99
98
98
98
99
98
93
87
83
77
71
69
74
86
101
122
141
152
155
151
142
128
118
103
90
85
82
81
80
78
79
84
92
95
99
103
107
111
80
76
81
90
100
109
120
128
131
133
134
136
140
144
149
155
160
157
154
152
147
151
164
178
184
179
159
167
173
173
172
185
189
189
188
189
188
188
194
209
223
220
222
233
243
245
248
251
251
251
251
233
232
238
242
248
240
235
226
210
184
187
172
172
176
178
178
161
152
146
142
143
147
151
152
152
153
151
150
151
145
138
132
127
121
117
112
109
105
103
101
98
93
90
91
95
104
108
114
119
120
119
116
111
104
95
87
81
76
73
71
70
69
69
69
68
77
91
99
103
105
114
130
144
153
158
162
166
168
167
167
166
166
169
175
183
191
193
192
195
202
207
210
212
213
213
223
251
278
298
270
280
288
294
294
283
276
286
309
319
325
328
350
385
400
395
383
393
400
400
400
393
379
372
358
347
335
313
297
292
293
300
302
288
269
249
248
252
258
273
291
298
299
297
290
280
264
250
238
232
234
236
232
228
229
228
223
219
214
208
202
197
198
193
184
180
182
185
185
185
190
182
175
166
152
138
122
109
101
99
102
109
115
120
124
125
126
129
131
128
123
119
117
116
111
104
98
96
96
98
102
108
114
120
127
135
140
146
154
161
168
174
179
187
194
202
209
216
223
231
237
244
249
252
255
257
258
260
261
264
263
260
300
305
309
308
306
303
299
311
309
308
303
300
302
313
286
292
298
306
312
316
317
318
317
315
313
310
307
304
301
298
295
292
285
278
273
271
270
269
268
266
325
325
325
323
321
318
315
312
309
307
307
307
307
306
304
303
301
300
299
298
298
297
298
296
294
293
292
292
294
298
301
304
307
310
313
317
319
321
324
326
327
328
328
328
327
327
327
328
329
330
331
333
334
327
315
301
288
277
268
269
277
285
292
299
308
315
319
323
327
337
339
333
324
315
308
308
311
313
315
318
324
331
334
340
346
352
359
364
364
362
360
354
344
333
323
317
309
300
288
276
266
256
245
235
225
218
213
208
203
194
188
184
183
182
181
179
174
168
165
160
152
145
139
133
128
125
122
119
116
112
109
106
103
100
98
95
93
93
91
88
85
81
79
79
76
75
75
80
89
100
113
123
130
141
157
172
183
190
196
203
208
211
215
220
226
230
230
231
235
239
242
248
254
260
266
271
276
282
284
280
272
266
264
263
257
252
249
245
241
238
234
227
218
208
199
190
182
175
169
162
156
151
147
145
141
137
132
127
122
117
113
108
103
98
94
91
89
86
83
79
75
73
73
73
72
71
72
71
69
67
69
74
80
86
93
99
105
110
110
107
102
97
93
91
90
88
83
80
76
75
73
73
69
65
60
57
55
54
53
53
54
55
55
56
56
56
56
56
56
56
57
58
58
59
59
59
59
60
60
59
58
58
57
57
57
57
57
57
56
56
55
54
53
53
52
50
49
49
49
50
50
51
51
52
54
62
75
91
132
144
149
148
145
147
150
155
157
157
158
160
160
159
157
156
155
153
151
148
146
144
139
131
123
116
110
107
106
105
104
101
98
98
97
96
98
96
92
88
85
85
87
87
88
90
89
86
83
82
81
84
96
103
104
106
112
129
133
137
142
152
173
203
237
259
263
260
257
257
257
251
238
220
205
195
188
183
180
177
173
167
160
152
144
136
130
122
113
105
102
99
96
96
101
106
107
103
97
91
86
83
82
83
84
84
87
93
101
109
116
120
121
120
118
114
111
110
112
113
110
107
105
102
96
88
80
74
73
74
77
77
76
77
77
79
81
84
86
86
85
84
84
84
84
84
85
87
90
94
101
106
107
105
104
106
111
116
118
117
113
107
101
95
86
77
70
65
63
65
70
90
106
113
113
110
107
105
104
107
111
112
110
107
105
103
100
95
89
83
79
76
72
68
63
59
57
57
400
400
400
400
400
400
400
400
400
400
374
349
334
158
131
109
105
119
135
137
129
116
95
77
68
64
63
62
62
61
61
62
65
67
68
69
70
70
71
72
72
72
73
74
75
77
85
96
106
115
120
123
129
136
139
136
129
120
112
107
106
100
91
83
77
73
71
70
70
70
71
72
73
73
73
73
76
82
85
87
89
87
83
78
73
71
69
68
67
68
77
92
112
133
161
182
181
161
131
100
76
66
66
69
72
74
79
85
86
92
102
108
110
121
131
134
137
129
112
93
79
71
66
63
62
61
59
59
58
58
57
57
56
56
56
55
55
55
55
55
55
55
55
55
56
56
56
56
57
57
59
186
186
182
186
200
206
197
197
220
229
228
235
240
242
245
245
239
237
221
223
259
285
294
295
296
295
287
273
253
237
226
216
205
191
176
164
157
155
152
148
140
131
121
110
100
89
80
73
69
72
82
94
106
117
123
124
119
114
109
106
106
109
117
128
140
151
160
167
171
172
172
172
170
168
168
170
171
168
163
157
154
150
145
139
132
125
118
113
110
108
105
102
98
96
96
99
103
109
115
122
126
126
125
125
128
131
136
142
149
157
166
174
183
192
202
213
224
236
248
261
275
289
299
306
311
314
316
319
322
326
327
326
324
318
311
305
299
290
276
259
261
265
267
263
257
251
246
242
237
230
222
215
207
197
192
188
189
197
209
222
303
280
256
229
203
179
159
141
126
113
101
92
85
80
76
74
74
74
76
79
84
88
91
93
95
97
100
103
104
104
102
99
96
94
94
94
94
96
99
102
104
105
107
107
108
107
107
106
105
105
104
102
101
103
106
107
106
105
109
121
143
156
175
185
188
186
182
182
182
183
182
183
186
190
193
195
195
194
192
189
185
180
176
171
167
164
163
162
161
161
161
161
161
161
161
162
165
170
177
185
194
202
209
213
217
220
222
223
224
224
225
229
234
238
240
241
238
223
216
205
197
171
175
226
267
222
220
216
189
183
179
151
138
142
182
186
169
178
185
209
235
254
277
297
284
291
303
309
328
336
326
311
302
289
258
244
244
252
237
234
240
231
240
233
225
215
212
202
194
188
178
170
142
124
120
126
137
130
119
110
104
98
93
92
86
81
73
66
60
56
54
54
55
58
61
63
61
59
57
56
56
57
60
65
68
70
73
79
85
91
94
96
93
92
90
88
81
72
63
58
56
56
54
51
49
47
45
45
51
62
75
86
93
96
95
90
84
79
74
75
78
80
83
82
82
85
88
87
83
77
68
59
52
49
48
47
46
46
53
67
88
112
127
127
132
138
138
108
109
111
114
117
121
125
129
132
134
133
136
146
146
140
136
130
121
123
142
164
177
178
169
161
159
158
158
158
151
156
173
184
144
112
118
152
175
187
190
182
177
175
176
175
172
168
166
159
164
180
194
205
208
195
188
165
155
157
158
152
144
136
134
133
133
134
137
135
133
134
132
133
132
124
131
137
112
94
93
110
125
123
119
123
126
130
132
132
131
129
127
129
129
131
127
137
145
136
110
96
82
73
70
245
243
242
240
239
238
237
236
236
235
233
230
226
222
218
214
209
206
202
200
197
194
191
188
185
184
182
182
184
185
186
186
186
187
187
186
183
178
172
165
159
156
155
152
149
144
137
130
123
118
115
113
112
113
116
120
123
128
135
141
148
170
174
176
179
183
192
206
224
242
252
256
254
250
245
240
232
222
212
205
199
191
183
177
169
158
142
117
92
74
71
68
62
59
61
61
60
59
60
59
59
58
58
58
58
58
58
59
59
59
59
60
60
61
62
65
66
66
66
65
65
65
68
74
80
84
92
97
101
133
135
133
127
120
114
114
112
108
102
97
92
88
85
84
85
87
87
89
90
91
90
90
92
97
99
98
96
95
95
94
93
93
92
93
95
96
96
95
93
95
96
95
93
92
92
91
91
90
90
90
90
90
90
89
90
93
96
101
104
103
99
94
90
87
86
86
87
89
90
91
94
98
104
108
108
108
106
109
115
123
131
137
140
141
142
149
154
160
162
161
157
149
137
123
110
99
92
89
88
87
89
90
92
98
102
101
97
93
90
89
88
87
88
89
91
92
93
94
94
94
94
95
95
95
94
93
93
94
95
96
96
97
98
100
102
104
104
105
106
106
106
110
114
118
122
125
127
127
126
123
120
117
114
111
109
106
105
104
104
103
102
101
99
97
97
96
93
90
87
86
85
83
82
81
81
80
80
79
79
79
80
80
80
79
80
80
81
82
83
84
85
86
86
85
84
84
83
82
82
82
82
83
84
84
84
85
85
86
88
92
96
101
108
115
118
122
129
137
146
156
166
173
177
180
182
183
185
187
191
195
196
195
193
191
187
178
167
156
146
137
130
124
114
106
100
95
92
88
86
85
85
85
85
86
86
86
86
86
86
87
87
86
86
86
87
88
88
89
89
85
88
90
91
90
88
86
85
84
85
87
88
89
89
89
90
91
91
90
90
90
90
90
90
89
88
86
85
85
84
84
88
91
90
88
85
83
82
83
84
84
85
86
88
91
92
93
95
99
106
110
112
114
114
115
115
117
116
114
110
106
100
95
91
88
88
86
84
83
83
82
81
82
83
83
81
81
80
80
79
78
77
77
78
80
83
84
85
85
84
84
84
84
82
80
79
78
78
78
78
77
77
78
55
55
59
63
64
67
111
121
132
140
145
149
152
155
160
165
169
171
168
161
150
145
142
140
142
142
143
144
144
143
143
145
145
146
147
148
152
158
158
155
151
146
141
139
147
154
161
166
167
165
161
159
158
157
157
155
153
152
148
146
145
142
139
135
140
141
140
140
140
135
127
136
149
158
152
141
142
145
150
153
149
141
137
140
140
139
138
136
131
127
124
121
116
110
105
101
98
97
96
95
95
94
94
95
96
98
99
98
95
92
90
89
88
88
89
90
91
91
91
92
94
95
94
93
93
92
93
95
97
99
98
97
96
96
96
96
97
99
101
102
103
104
105
106
107
107
107
106
74
74
72
72
71
70
70
69
68
67
67
66
66
65
65
65
65
65
66
66
67
67
68
69
69
69
69
69
69
69
70
72
74
77
80
83
85
89
93
98
104
110
115
119
121
124
126
128
129
131
132
131
129
129
130
132
128
121
118
118
119
120
120
120
121
124
136
247
260
267
268
269
269
268
266
264
259
248
238
239
243
244
243
241
238
237
236
235
240
239
234
222
215
213
210
215
224
231
236
237
238
238
236
235
233
228
228
234
237
236
234
231
232
225
215
209
204
200
198
187
176
176
92
91
88
85
81
78
77
76
75
74
74
73
74
74
75
75
76
81
83
83
83
81
79
73
75
82
89
93
98
104
108
105
98
89
82
76
73
72
73
74
74
74
74
75
75
76
76
77
78
79
79
79
80
82
82
82
85
90
96
104
112
119
117
117
127
131
131
117
100
91
88
85
87
93
99
104
111
108
101
96
98
90
84
78
78
83
96
110
125
134
139
133
124
123
117
116
113
108
103
106
111
119
132
144
154
161
165
169
172
173
172
174
161
201
202
204
205
205
203
199
198
199
199
198
199
199
199
197
196
195
194
193
192
187
175
168
162
158
154
155
159
160
160
159
159
158
156
154
152
150
148
146
141
135
132
131
124
117
112
111
105
102
103
103
101
95
89
87
93
104
117
129
120
115
125
145
162
176
181
186
188
182
180
174
179
171
161
170
171
172
170
155
145
137
135
119
102
91
84
82
84
90
95
96
96
93
91
92
91
90
87
84
80
77
75
75
72
68
65
64
65
67
71
79
90
96
94
94
90
92
93
92
87
81
80
81
81
80
79
78
78
78
77
76
75
75
76
75
73
73
75
75
76
75
71
72
73
74
76
77
78
78
77
74
72
69
68
69
73
78
83
86
66
68
72
77
81
82
81
81
83
88
87
86
88
91
95
101
102
89
80
74
72
83
96
107
115
123
130
139
147
156
165
174
182
190
196
201
207
212
216
218
218
216
215
215
214
215
216
217
219
221
222
212
199
196
197
198
190
193
193
200
208
217
224
230
235
226
216
213
210
204
191
182
252
249
246
243
241
241
246
252
254
263
270
273
265
259
254
246
238
224
208
199
194
194
194
194
193
195
196
195
196
198
201
204
208
208
202
197
196
200
203
206
206
206
203
201
198
197
198
205
210
212
214
212
214
218
217
219
223
228
207
184
191
208
217
224
226
234
221
195
168
144
135
128
130
140
146
143
129
113
113
123
129
155
170
180
180
171
141
130
130
127
127
124
125
115
102
110
119
136
136
121
123
112
102
105
115
103
96
91
93
92
91
92
108
116
116
124
125
128
137
152
164
173
183
181
165
159
161
153
130
117
109
102
100
103
103
97
91
92
97
98
91
90
234
232
229
225
221
217
212
206
199
193
186
181
179
178
175
164
144
120
96
73
56
46
42
41
55
78
101
118
127
130
130
129
128
131
136
138
138
136
133
130
128
127
125
122
117
116
121
128
134
139
145
137
120
92
72
67
64
67
80
94
114
125
130
134
150
169
182
191
196
203
211
217
222
224
223
220
216
211
205
199
194
192
190
187
185
186
188
194
200
201
200
198
195
187
172
155
142
137
135
130
131
132
131
130
127
127
121
115
110
107
101
96
91
89
88
88
86
81
78
76
78
81
81
77
71
75
85
98
115
129
137
140
140
132
117
100
86
79
73
68
67
69
69
71
74
72
65
57
52
51
49
47
45
41
40
40
40
45
48
47
47
47
55
57
62
64
65
65
64
69
79
88
92
90
91
96
99
99
100
101
96
85
79
74
67
61
57
54
51
53
65
82
93
102
107
108
108
104
96
83
70
59
50
42
40
40
40
274
270
265
260
255
250
245
241
237
234
232
228
221
211
202
193
192
194
197
200
201
200
198
196
194
190
185
180
174
169
166
163
159
155
150
145
140
136
132
128
122
113
108
103
97
90
85
81
89
109
123
130
132
131
136
143
152
159
164
169
178
192
203
210
212
212
208
201
193
117
116
115
113
108
100
92
86
82
79
77
79
83
89
101
114
127
134
138
145
151
152
146
136
126
118
111
107
106
105
102
96
89
82
75
71
69
70
78
89
107
121
126
122
115
109
107
106
105
103
102
102
103
104
104
104
102
101
101
103
106
109
111
112
111
110
108
108
110
110
111
110
108
105
105
107
109
108
104
99
95
90
87
86
86
84
81
78
77
76
78
84
92
99
102
103
103
104
106
111
116
120
120
118
116
114
113
110
105
99
95
91
89
86
83
80
77
76
76
79
87
103
121
170
189
205
215
217
213
206
197
187
177
166
153
137
123
115
111
111
113
116
117
119
121
122
124
126
127
126
125
125
124
123
120
119
119
120
120
117
115
114
113
113
114
117
120
124
126
129
130
131
130
130
130
131
134
136
138
138
138
138
139
140
140
140
140
140
142
143
142
142
142
141
139
135
132
129
127
126
126
124
103
107
112
118
125
132
136
137
136
135
134
134
134
134
134
134
133
132
131
130
130
129
128
130
133
137
138
138
138
139
130
121
114
112
114
118
118
115
112
114
118
120
119
117
116
117
117
120
129
138
143
142
138
142
146
147
147
142
138
142
156
172
189
197
203
190
194
195
206
222
238
246
251
255
249
247
251
246
246
250
247
242
231
217
210
204
198
186
174
165
160
152
139
129
128
124
124
126
125
118
108
95
84
77
71
67
66
64
59
55
51
51
55
60
68
76
79
76
72
69
65
60
56
52
50
47
45
47
54
59
62
60
55
56
59
62
65
67
68
67
64
64
66
69
72
74
78
82
83
84
84
83
78
74
74
71
68
67
66
67
65
75
72
68
68
69
65
63
66
74
85
98
104
99
86
73
67
67
72
79
88
96
100
100
96
90
83
75
67
61
56
53
158
159
161
165
170
175
174
166
170
181
190
187
180
187
183
189
198
199
189
183
177
172
171
186
212
225
228
227
220
216
214
198
167
150
140
136
136
149
165
175
180
182
178
165
165
174
178
169
157
157
158
156
137
121
112
103
93
83
78
77
72
64
60
61
111
127
144
153
162
163
160
157
153
162
170
171
181
185
166
147
134
128
125
124
124
124
123
122
121
120
120
136
153
160
160
154
137
129
131
153
194
244
292
330
363
356
397
400
400
400
400
400
400
400
400
400
400
347
389
400
400
400
400
400
400
400
400
400
400
400
400
400
400
100
110
115
114
113
112
111
113
118
131
149
163
162
152
156
221
326
400
400
400
341
300
276
259
238
204
197
204
204
200
205
215
221
212
192
181
190
186
182
186
203
202
199
218
246
254
265
267
303
354
351
322
303
279
271
280
286
280
263
238
215
202
186
173
144
129
109
103
101
99
95
87
80
76
75
75
76
78
80
83
84
85
87
89
90
91
90
88
87
86
84
81
79
78
78
80
80
80
77
77
81
89
100
110
109
104
99
94
91
87
237
233
231
228
224
221
218
220
226
232
235
233
226
219
213
207
200
194
188
182
178
173
169
167
165
164
162
159
158
160
164
169
173
175
176
175
171
167
165
162
157
152
146
140
135
135
138
141
143
143
138
133
131
133
136
142
149
154
155
157
160
170
184
194
147
164
179
188
193
196
201
205
205
202
198
195
192
190
188
184
179
174
170
165
158
153
148
143
138
135
131
126
122
117
115
115
117
116
113
109
106
101
98
94
90
86
83
79
75
71
69
68
66
67
68
68
69
77
86
91
99
109
123
132
133
130
124
120
119
118
118
117
114
111
109
108
108
107
105
103
102
100
97
96
97
98
100
101
104
108
114
122
127
130
131
133
137
141
148
155
166
182
193
197
197
197
196
198
202
206
210
214
219
226
235
244
255
264
273
283
296
308
316
323
329
333
340
346
353
360
368
375
381
385
388
389
393
400
400
400
400
400
400
400
398
387
374
354
326
295
266
242
225
212
205
200
192
178
162
150
146
142
136
127
119
110
103
95
87
81
76
73
71
70
71
71
73
75
79
83
106
112
118
123
126
130
135
140
146
152
158
164
170
175
179
182
185
186
187
188
188
188
188
188
188
188
188
187
186
183
180
177
176
177
177
177
176
175
175
176
178
187
188
188
188
187
187
187
187
188
189
193
197
200
202
202
201
200
198
196
195
195
195
194
192
189
186
183
180
176
173
169
165
162
159
158
156
155
153
151
147
143
139
135
131
131
133
137
147
155
158
159
156
151
148
147
144
142
143
145
147
149
152
157
164
170
176
180
181
183
181
177
182
196
206
213
223
215
215
231
244
255
261
263
265
263
259
254
245
232
223
221
218
212
210
207
200
193
191
191
195
196
196
195
192
184
177
169
159
149
139
131
123
116
107
99
93
87
82
79
74
67
62
59
56
57
61
68
73
76
78
78
77
75
74
71
67
62
58
56
56
58
60
162
159
155
152
151
154
158
163
169
174
177
179
179
182
183
182
177
170
160
148
136
124
113
104
97
90
85
79
74
74
76
81
88
93
97
101
103
103
103
103
102
98
92
87
84
83
85
88
91
92
92
90
88
85
82
80
80
83
88
93
98
102
105
107
108
109
109
109
107
105
103
101
98
96
94
93
92
92
91
89
87
86
87
88
90
92
94
96
98
101
103
106
109
114
118
124
130
136
143
149
154
159
163
166
168
170
159
160
160
160
160
160
159
160
160
161
162
163
160
160
161
162
163
163
163
163
163
162
162
161
161
161
163
165
167
167
166
164
163
162
161
161
161
161
163
164
165
164
163
161
159
158
157
157
157
156
156
158
158
158
157
157
157
157
157
158
160
163
168
173
176
183
195
205
214
220
225
229
233
237
239
250
265
262
232
242
260
265
265
259
250
241
226
223
220
216
210
203
196
189
184
180
177
174
165
161
158
152
145
143
140
137
133
127
120
113
107
105
104
102
101
101
100
98
96
92
88
84
82
82
83
85
88
89
89
86
83
81
80
80
80
82
84
85
85
83
80
76
379
379
379
375
382
395
387
374
372
367
368
364
368
367
324
259
192
131
85
55
40
97
100
101
100
100
99
99
100
101
103
105
109
116
124
129
133
135
138
140
142
146
154
164
173
179
182
182
181
180
178
174
171
168
165
162
163
164
165
166
168
171
175
181
187
191
192
194
199
207
207
204
201
197
194
185
168
153
145
140
141
146
150
147
140
130
121
113
106
101
102
105
105
105
105
104
101
96
91
86
81
77
73
70
68
65
64
65
73
87
94
99
107
117
125
131
141
142
150
152
156
163
167
167
167
175
188
200
209
214
215
222
225
219
213
212
208
201
196
193
179
161
149
149
144
132
123
116
108
103
101
100
99
98
98
103
107
107
103
100
102
102
103
101
96
94
89
81
73
67
64
66
67
65
66
72
81
89
93
92
88
85
86
88
90
97
102
102
100
97
92
88
85
82
79
75
72
75
77
76
74
71
65
59
55
55
56
56
56
58
62
67
73
78
78
77
78
78
78
78
79
81
84
87
90
93
97
101
106
111
117
125
134
141
146
150
153
153
154
153
148
143
139
135
132
127
121
116
112
110
107
106
108
109
108
108
106
103
99
93
98
92
89
86
88
99
106
107
106
105
102
96
86
76
70
67
65
64
65
68
76
83
91
98
102
105
107
110
112
114
115
116
117
118
118
119
119
119
120
120
121
121
122
123
125
127
130
133
136
139
142
143
145
147
150
152
154
156
157
157
157
159
162
168
173
176
177
179
182
183
185
186
188
189
191
190
189
186
182
181
185
188
176
175
174
173
171
171
172
175
179
183
184
184
185
184
183
183
182
181
178
175
171
168
164
161
158
156
155
154
152
150
149
150
152
153
153
152
152
152
151
151
152
154
154
155
155
156
155
155
153
151
149
147
145
143
142
141
140
139
138
137
137
135
134
138
145
152
159
162
160
159
167
179
191
201
205
203
200
199
208
217
220
220
222
227
230
230
229
230
227
222
218
218
218
217
218
219
221
221
218
214
214
217
220
221
219
212
201
185
169
155
144
133
124
116
111
106
101
95
87
80
76
74
76
82
86
89
93
101
107
109
112
111
104
92
84
78
73
75
77
77
76
75
117
118
120
122
123
125
125
124
123
122
121
120
119
119
120
122
122
122
120
119
116
113
110
105
101
98
95
92
90
89
87
85
84
85
86
89
91
90
85
78
74
72
73
73
73
74
74
74
73
72
73
74
76
79
85
92
103
115
128
139
147
152
154
155
156
156
156
157
159
162
166
171
176
182
187
193
199
205
212
218
224
229
234
239
243
246
251
257
262
267
269
268
289
291
290
289
286
283
281
279
277
275
279
289
296
299
294
285
280
276
273
269
264
259
259
257
255
253
251
249
248
245
242
246
261
274
273
259
254
251
248
244
240
236
232
228
224
220
222
228
224
216
216
219
218
215
207
199
201
206
208
209
209
208
206
203
200
199
200
200
199
196
194
190
187
184
182
178
174
169
164
161
158
157
155
153
152
151
147
148
147
145
146
149
147
147
156
158
155
153
151
152
166
183
184
173
157
140
128
124
137
142
139
138
147
153
154
152
141
128
114
109
104
95
92
94
96
96
91
87
87
83
78
72
68
65
65
65
65
62
59
57
50
44
54
54
53
49
45
42
40
40
40
42
44
44
43
43
42
42
42
41
45
48
46
46
51
56
60
62
62
62
65
75
88
96
102
107
124
134
123
109
103
104
111
122
133
143
157
168
195
186
172
155
132
109
90
77
74
72
70
74
81
89
97
100
107
101
93
87
86
90
98
93
84
84
106
131
144
145
146
143
140
137
138
138
129
125
134
141
144
152
160
158
157
150
148
151
143
128
108
91
80
75
150
149
151
158
163
167
170
170
172
175
178
179
176
167
161
167
178
172
166
165
159
156
169
186
195
202
202
189
184
184
186
188
178
158
155
173
193
198
199
208
223
231
230
212
197
185
174
166
160
156
153
151
148
145
143
142
140
139
129
115
115
130
139
141
135
126
118
113
111
109
261
241
223
216
217
217
201
182
175
176
180
181
181
181
188
188
184
185
188
187
192
200
199
197
187
179
172
173
170
161
155
147
136
131
131
130
127
122
120
121
120
128
139
150
161
167
171
168
167
162
161
164
167
166
153
144
149
160
166
176
181
180
169
167
168
165
161
161
158
141
133
136
138
135
133
137
137
137
138
131
120
111
101
95
95
96
93
89
87
333
324
331
351
361
360
354
344
333
323
306
298
312
328
288
228
191
176
169
166
163
160
160
158
149
135
132
141
148
145
171
211
215
213
239
266
288
298
212
171
174
200
242
274
280
242
247
282
272
214
198
222
242
255
265
269
271
273
274
276
276
280
287
340
400
400
400
371
292
250
233
244
269
280
292
301
306
310
313
318
340
395
400
333
272
263
278
293
298
307
321
341
270
244
247
246
250
262
268
272
272
271
252
252
264
276
311
346
354
299
205
248
344
400
400
400
347
374
400
400
400
400
400
400
400
400
400
400
400
215
208
206
201
188
173
169
165
179
205
231
252
270
289
304
317
328
340
350
356
358
356
358
358
354
348
346
346
347
351
360
353
350
354
348
339
343
359
361
353
363
378
381
376
386
392
374
339
314
290
266
224
185
210
255
298
342
373
328
331
330
325
315
302
284
277
269
259
248
238
228
218
214
218
224
305
321
348
371
382
384
379
374
378
372
355
340
327
318
309
298
291
285
280
276
270
264
259
260
265
265
264
260
254
241
226
213
203
195
186
179
166
147
131
120
114
112
111
112
113
114
114
116
118
118
118
117
115
107
103
100
99
98
96
93
91
93
94
92
99
102
112
116
108
98
91
86
84
83
83
83
83
94
115
132
144
150
154
151
138
123
110
101
96
106
124
138
143
145
133
117
130
149
163
166
161
152
141
130
124
118
107
96
88
88
94
99
102
103
103
101
92
84
82
91
101
117
118
111
108
125
153
176
192
200
194
184
175
169
169
171
180
186
187
184
182
179
193
224
258
285
300
300
299
305
312
313
309
300
290
279
269
260
254
248
241
235
230
231
236
238
230
217
205
210
218
222
221
215
204
186
173
160
154
151
144
130
118
105
99
101
97
93
97
100
96
90
85
83
84
85
84
82
80
80
82
85
101
127
150
168
181
193
208
226
243
246
251
269
303
337
359
373
385
398
400
400
400
400
400
400
400
400
400
400
400
400
400
400
400
400
400
400
400
400
400
400
400
400
400
400
400
400
400
400
400
400
400
390
370
365
363
361
360
351
334
313
283
273
270
259
249
241
231
220
208
194
183
177
174
175
176
179
185
194
207
216
227
234
241
250
264
274
279
284
297
314
326
306
306
305
308
323
342
356
362
362
358
353
350
347
342
330
316
305
297
292
290
288
287
285
282
278
275
272
270
268
267
266
266
265
264
264
265
271
280
285
285
278
270
262
253
245
241
281
272
261
249
236
223
211
200
203
215
225
231
230
227
221
212
203
194
184
175
166
157
148
140
132
125
123
128
131
134
134
130
121
110
101
95
90
86
81
75
71
68
66
65
65
64
64
63
62
61
61
61
60
59
59
63
69
74
74
70
67
65
69
75
81
86
89
91
92
91
81
79
89
105
122
138
151
165
175
186
194
203
204
203
207
218
230
243
255
263
266
264
259
253
251
252
250
249
251
254
250
241
229
216
203
188
173
159
143
126
109
96
89
86
83
83
85
85
87
97
95
94
100
112
129
147
161
171
181
199
221
233
233
231
228
223
219
230
246
256
256
248
236
225
214
202
193
188
193
203
218
224
228
221
220
225
229
238
249
255
258
262
266
269
277
288
302
327
359
383
397
400
400
400
400
400
400
400
400
400
400
400
400
400
400
400
400
400
397
385
376
366
357
352
347
340
332
326
327
333
337
338
326
323
335
347
356
358
357
358
355
355
300
313
324
331
329
322
311
306
309
308
301
292
287
281
273
265
261
265
274
284
292
298
301
301
301
299
331
324
315
306
297
289
285
289
295
285
278
267
255
245
237
232
229
229
232
235
237
238
238
234
226
220
215
214
213
212
214
216
216
215
218
225
230
233
233
232
227
221
217
213
216
228
231
227
222
217
214
212
210
210
209
209
209
209
213
222
227
230
230
230
227
225
224
226
227
225
223
223
226
229
229
223
216
212
212
213
220
225
224
228
241
246
242
235
227
219
211
204
197
192
189
186
183
180
178
186
195
199
196
195
193
195
196
193
188
183
178
175
173
171
169
184
197
206
218
220
218
220
226
218
213
217
218
219
224
224
219
213
207
201
197
201
207
204
201
197
198
204
204
209
215
205
201
210
219
243
267
282
271
260
260
268
265
250
236
234
242
252
252
254
265
276
284
288
297
308
320
331
337
344
344
338
330
326
331
337
340
342
347
352
353
351
345
328
285
275
322
367
385
377
361
